(kicad_pcb (version 20171130) (host pcbnew "(5.1.2)-1")

  (general
    (thickness 1.6)
    (drawings 27)
    (tracks 1769)
    (zones 0)
    (modules 143)
    (nets 163)
  )

  (page A4)
  (layers
    (0 F.Cu signal)
    (31 B.Cu signal)
    (32 B.Adhes user)
    (33 F.Adhes user)
    (34 B.Paste user)
    (35 F.Paste user)
    (36 B.SilkS user)
    (37 F.SilkS user)
    (38 B.Mask user)
    (39 F.Mask user)
    (40 Dwgs.User user)
    (41 Cmts.User user)
    (42 Eco1.User user)
    (43 Eco2.User user)
    (44 Edge.Cuts user)
    (45 Margin user)
    (46 B.CrtYd user)
    (47 F.CrtYd user)
    (48 B.Fab user hide)
    (49 F.Fab user hide)
  )

  (setup
    (last_trace_width 0.25)
    (user_trace_width 0.5)
    (user_trace_width 1)
    (user_trace_width 2)
    (trace_clearance 0.15)
    (zone_clearance 0.15)
    (zone_45_only yes)
    (trace_min 0.2)
    (via_size 0.8)
    (via_drill 0.4)
    (via_min_size 0.4)
    (via_min_drill 0.3)
    (user_via 1.5 0.8)
    (uvia_size 0.3)
    (uvia_drill 0.1)
    (uvias_allowed no)
    (uvia_min_size 0.2)
    (uvia_min_drill 0.1)
    (edge_width 0.2)
    (segment_width 0.2)
    (pcb_text_width 0.3)
    (pcb_text_size 1.5 1.5)
    (mod_edge_width 0.15)
    (mod_text_size 1 1)
    (mod_text_width 0.15)
    (pad_size 1.71 2.37)
    (pad_drill 0)
    (pad_to_mask_clearance 0.2)
    (aux_axis_origin 0 0)
    (visible_elements 7FFFFF7F)
    (pcbplotparams
      (layerselection 0x010fc_ffffffff)
      (usegerberextensions false)
      (usegerberattributes false)
      (usegerberadvancedattributes false)
      (creategerberjobfile false)
      (excludeedgelayer true)
      (linewidth 0.100000)
      (plotframeref false)
      (viasonmask false)
      (mode 1)
      (useauxorigin false)
      (hpglpennumber 1)
      (hpglpenspeed 20)
      (hpglpendiameter 15.000000)
      (psnegative false)
      (psa4output false)
      (plotreference true)
      (plotvalue true)
      (plotinvisibletext false)
      (padsonsilk true)
      (subtractmaskfromsilk false)
      (outputformat 1)
      (mirror false)
      (drillshape 0)
      (scaleselection 1)
      (outputdirectory "C:/Users/nikis/Desktop/gerber_V7_nightmare/"))
  )

  (net 0 "")
  (net 1 GND)
  (net 2 "Net-(U4-Pad93)")
  (net 3 "Net-(U4-Pad92)")
  (net 4 "Net-(U4-Pad91)")
  (net 5 "Net-(U4-Pad90)")
  (net 6 "Net-(U4-Pad83)")
  (net 7 "Net-(U4-Pad82)")
  (net 8 "Net-(U4-Pad81)")
  (net 9 "Net-(U4-Pad79)")
  (net 10 "Net-(U4-Pad78)")
  (net 11 "Net-(U4-Pad77)")
  (net 12 VDD)
  (net 13 D+)
  (net 14 D-)
  (net 15 "Net-(U4-Pad68)")
  (net 16 "Net-(U4-Pad67)")
  (net 17 "Net-(U4-Pad66)")
  (net 18 "Net-(U4-Pad65)")
  (net 19 "Net-(U4-Pad62)")
  (net 20 "Net-(U4-Pad61)")
  (net 21 "Net-(U4-Pad60)")
  (net 22 "Net-(U4-Pad59)")
  (net 23 "Net-(U4-Pad58)")
  (net 24 "Net-(U4-Pad57)")
  (net 25 "Net-(U4-Pad56)")
  (net 26 "Net-(U4-Pad55)")
  (net 27 "Net-(U4-Pad54)")
  (net 28 "Net-(U4-Pad53)")
  (net 29 SW)
  (net 30 "Net-(U4-Pad48)")
  (net 31 "Net-(U4-Pad47)")
  (net 32 "Net-(U4-Pad46)")
  (net 33 "Net-(U4-Pad45)")
  (net 34 "Net-(U4-Pad44)")
  (net 35 "Net-(U4-Pad43)")
  (net 36 "Net-(U4-Pad42)")
  (net 37 "Net-(U4-Pad41)")
  (net 38 "Net-(U4-Pad38)")
  (net 39 "Net-(U4-Pad34)")
  (net 40 "Net-(U4-Pad33)")
  (net 41 "Net-(U4-Pad32)")
  (net 42 "Net-(U4-Pad31)")
  (net 43 "Net-(U4-Pad25)")
  (net 44 "Net-(U4-Pad24)")
  (net 45 "Net-(U4-Pad23)")
  (net 46 "Net-(U4-Pad22)")
  (net 47 "Net-(U4-Pad21)")
  (net 48 "Net-(U4-Pad20)")
  (net 49 "Net-(U4-Pad19)")
  (net 50 "Net-(U4-Pad18)")
  (net 51 "Net-(U4-Pad11)")
  (net 52 "Net-(U4-Pad9)")
  (net 53 "Net-(U4-Pad8)")
  (net 54 "Net-(U4-Pad7)")
  (net 55 "Net-(U4-Pad5)")
  (net 56 "Net-(U4-Pad4)")
  (net 57 "Net-(U4-Pad3)")
  (net 58 "Net-(U4-Pad2)")
  (net 59 "Net-(U4-Pad1)")
  (net 60 "Net-(U10-Pad7)")
  (net 61 IO11)
  (net 62 H_RX)
  (net 63 H_TX)
  (net 64 "Net-(C66-Pad1)")
  (net 65 +5V)
  (net 66 "Net-(U11-Pad5)")
  (net 67 "Net-(U11-Pad6)")
  (net 68 "Net-(U11-Pad7)")
  (net 69 "Net-(D3-Pad2)")
  (net 70 "Net-(D2-Pad2)")
  (net 71 +3V3)
  (net 72 EN)
  (net 73 FAN1)
  (net 74 FAN2)
  (net 75 CPU_SW)
  (net 76 BAT_M)
  (net 77 CUR_M)
  (net 78 COM)
  (net 79 ADC_S0)
  (net 80 ADC_S1)
  (net 81 ADC_S2)
  (net 82 ADC_S3)
  (net 83 IO0)
  (net 84 IO4)
  (net 85 S_RX)
  (net 86 S_TX)
  (net 87 IO5)
  (net 88 S_TX_ENB)
  (net 89 S_RX_ENB)
  (net 90 "Net-(M1-Pad32)")
  (net 91 USB_TX)
  (net 92 USB_RX)
  (net 93 "Net-(M1-Pad20)")
  (net 94 "Net-(M1-Pad21)")
  (net 95 "Net-(M1-Pad22)")
  (net 96 +BATT)
  (net 97 "Net-(R15-Pad1)")
  (net 98 VBUS)
  (net 99 ADC5)
  (net 100 ADC7)
  (net 101 ADC6)
  (net 102 ADC8)
  (net 103 ADC4)
  (net 104 ADC2)
  (net 105 ADC3)
  (net 106 ADC1)
  (net 107 "Net-(D4-Pad1)")
  (net 108 "Net-(R3-Pad1)")
  (net 109 "Net-(R3-Pad2)")
  (net 110 "Net-(D5-Pad1)")
  (net 111 "Net-(D6-Pad2)")
  (net 112 "Net-(D7-Pad2)")
  (net 113 "Net-(D8-Pad2)")
  (net 114 "Net-(Q5-Pad2)")
  (net 115 "Net-(Q6-Pad1)")
  (net 116 "Net-(D9-Pad1)")
  (net 117 "Net-(Q7-Pad3)")
  (net 118 "Net-(Q6-Pad2)")
  (net 119 "Net-(Q5-Pad1)")
  (net 120 S_SERIAL)
  (net 121 "Net-(R28-Pad1)")
  (net 122 "Net-(C9-Pad1)")
  (net 123 "Net-(U8-Pad9)")
  (net 124 "Net-(U8-Pad10)")
  (net 125 "Net-(U8-Pad11)")
  (net 126 "Net-(U8-Pad12)")
  (net 127 "Net-(U8-Pad15)")
  (net 128 "Net-(U7-Pad2)")
  (net 129 "Net-(U7-Pad3)")
  (net 130 "Net-(U7-Pad4)")
  (net 131 "Net-(U7-Pad5)")
  (net 132 "Net-(U7-Pad6)")
  (net 133 "Net-(U7-Pad7)")
  (net 134 "Net-(U7-Pad8)")
  (net 135 "Net-(U7-Pad9)")
  (net 136 "Net-(M1-Pad6)")
  (net 137 "Net-(U4-Pad64)")
  (net 138 "Net-(D1-Pad2)")
  (net 139 5V)
  (net 140 "Net-(Q2-Pad3)")
  (net 141 V_LIM)
  (net 142 MTX)
  (net 143 "Net-(R10-Pad1)")
  (net 144 "Net-(U4-Pad39)")
  (net 145 "Net-(U4-Pad40)")
  (net 146 MRX)
  (net 147 "Net-(M1-Pad4)")
  (net 148 "Net-(M1-Pad5)")
  (net 149 "Net-(M1-Pad17)")
  (net 150 "Net-(M1-Pad18)")
  (net 151 "Net-(M1-Pad19)")
  (net 152 "Net-(U8-Pad7)")
  (net 153 "Net-(U8-Pad8)")
  (net 154 IO12)
  (net 155 S_MOSI)
  (net 156 INT)
  (net 157 S_CS)
  (net 158 S_MISO)
  (net 159 S_SCK)
  (net 160 "Net-(R30-Pad2)")
  (net 161 "Net-(R16-Pad2)")
  (net 162 "Net-(R13-Pad1)")

  (net_class Default "This is the default net class."
    (clearance 0.15)
    (trace_width 0.25)
    (via_dia 0.8)
    (via_drill 0.4)
    (uvia_dia 0.3)
    (uvia_drill 0.1)
    (add_net +3V3)
    (add_net +5V)
    (add_net +BATT)
    (add_net 5V)
    (add_net ADC1)
    (add_net ADC2)
    (add_net ADC3)
    (add_net ADC4)
    (add_net ADC5)
    (add_net ADC6)
    (add_net ADC7)
    (add_net ADC8)
    (add_net ADC_S0)
    (add_net ADC_S1)
    (add_net ADC_S2)
    (add_net ADC_S3)
    (add_net BAT_M)
    (add_net COM)
    (add_net CPU_SW)
    (add_net CUR_M)
    (add_net D+)
    (add_net D-)
    (add_net EN)
    (add_net FAN1)
    (add_net FAN2)
    (add_net GND)
    (add_net H_RX)
    (add_net H_TX)
    (add_net INT)
    (add_net IO0)
    (add_net IO11)
    (add_net IO12)
    (add_net IO4)
    (add_net IO5)
    (add_net MRX)
    (add_net MTX)
    (add_net "Net-(C66-Pad1)")
    (add_net "Net-(C9-Pad1)")
    (add_net "Net-(D1-Pad2)")
    (add_net "Net-(D2-Pad2)")
    (add_net "Net-(D3-Pad2)")
    (add_net "Net-(D4-Pad1)")
    (add_net "Net-(D5-Pad1)")
    (add_net "Net-(D6-Pad2)")
    (add_net "Net-(D7-Pad2)")
    (add_net "Net-(D8-Pad2)")
    (add_net "Net-(D9-Pad1)")
    (add_net "Net-(M1-Pad17)")
    (add_net "Net-(M1-Pad18)")
    (add_net "Net-(M1-Pad19)")
    (add_net "Net-(M1-Pad20)")
    (add_net "Net-(M1-Pad21)")
    (add_net "Net-(M1-Pad22)")
    (add_net "Net-(M1-Pad32)")
    (add_net "Net-(M1-Pad4)")
    (add_net "Net-(M1-Pad5)")
    (add_net "Net-(M1-Pad6)")
    (add_net "Net-(Q2-Pad3)")
    (add_net "Net-(Q5-Pad1)")
    (add_net "Net-(Q5-Pad2)")
    (add_net "Net-(Q6-Pad1)")
    (add_net "Net-(Q6-Pad2)")
    (add_net "Net-(Q7-Pad3)")
    (add_net "Net-(R10-Pad1)")
    (add_net "Net-(R13-Pad1)")
    (add_net "Net-(R15-Pad1)")
    (add_net "Net-(R16-Pad2)")
    (add_net "Net-(R28-Pad1)")
    (add_net "Net-(R3-Pad1)")
    (add_net "Net-(R3-Pad2)")
    (add_net "Net-(R30-Pad2)")
    (add_net "Net-(U10-Pad7)")
    (add_net "Net-(U11-Pad5)")
    (add_net "Net-(U11-Pad6)")
    (add_net "Net-(U11-Pad7)")
    (add_net "Net-(U4-Pad1)")
    (add_net "Net-(U4-Pad11)")
    (add_net "Net-(U4-Pad18)")
    (add_net "Net-(U4-Pad19)")
    (add_net "Net-(U4-Pad2)")
    (add_net "Net-(U4-Pad20)")
    (add_net "Net-(U4-Pad21)")
    (add_net "Net-(U4-Pad22)")
    (add_net "Net-(U4-Pad23)")
    (add_net "Net-(U4-Pad24)")
    (add_net "Net-(U4-Pad25)")
    (add_net "Net-(U4-Pad3)")
    (add_net "Net-(U4-Pad31)")
    (add_net "Net-(U4-Pad32)")
    (add_net "Net-(U4-Pad33)")
    (add_net "Net-(U4-Pad34)")
    (add_net "Net-(U4-Pad38)")
    (add_net "Net-(U4-Pad39)")
    (add_net "Net-(U4-Pad4)")
    (add_net "Net-(U4-Pad40)")
    (add_net "Net-(U4-Pad41)")
    (add_net "Net-(U4-Pad42)")
    (add_net "Net-(U4-Pad43)")
    (add_net "Net-(U4-Pad44)")
    (add_net "Net-(U4-Pad45)")
    (add_net "Net-(U4-Pad46)")
    (add_net "Net-(U4-Pad47)")
    (add_net "Net-(U4-Pad48)")
    (add_net "Net-(U4-Pad5)")
    (add_net "Net-(U4-Pad53)")
    (add_net "Net-(U4-Pad54)")
    (add_net "Net-(U4-Pad55)")
    (add_net "Net-(U4-Pad56)")
    (add_net "Net-(U4-Pad57)")
    (add_net "Net-(U4-Pad58)")
    (add_net "Net-(U4-Pad59)")
    (add_net "Net-(U4-Pad60)")
    (add_net "Net-(U4-Pad61)")
    (add_net "Net-(U4-Pad62)")
    (add_net "Net-(U4-Pad64)")
    (add_net "Net-(U4-Pad65)")
    (add_net "Net-(U4-Pad66)")
    (add_net "Net-(U4-Pad67)")
    (add_net "Net-(U4-Pad68)")
    (add_net "Net-(U4-Pad7)")
    (add_net "Net-(U4-Pad77)")
    (add_net "Net-(U4-Pad78)")
    (add_net "Net-(U4-Pad79)")
    (add_net "Net-(U4-Pad8)")
    (add_net "Net-(U4-Pad81)")
    (add_net "Net-(U4-Pad82)")
    (add_net "Net-(U4-Pad83)")
    (add_net "Net-(U4-Pad9)")
    (add_net "Net-(U4-Pad90)")
    (add_net "Net-(U4-Pad91)")
    (add_net "Net-(U4-Pad92)")
    (add_net "Net-(U4-Pad93)")
    (add_net "Net-(U7-Pad2)")
    (add_net "Net-(U7-Pad3)")
    (add_net "Net-(U7-Pad4)")
    (add_net "Net-(U7-Pad5)")
    (add_net "Net-(U7-Pad6)")
    (add_net "Net-(U7-Pad7)")
    (add_net "Net-(U7-Pad8)")
    (add_net "Net-(U7-Pad9)")
    (add_net "Net-(U8-Pad10)")
    (add_net "Net-(U8-Pad11)")
    (add_net "Net-(U8-Pad12)")
    (add_net "Net-(U8-Pad15)")
    (add_net "Net-(U8-Pad7)")
    (add_net "Net-(U8-Pad8)")
    (add_net "Net-(U8-Pad9)")
    (add_net SW)
    (add_net S_CS)
    (add_net S_MISO)
    (add_net S_MOSI)
    (add_net S_RX)
    (add_net S_RX_ENB)
    (add_net S_SCK)
    (add_net S_SERIAL)
    (add_net S_TX)
    (add_net S_TX_ENB)
    (add_net USB_RX)
    (add_net USB_TX)
    (add_net VBUS)
    (add_net VDD)
    (add_net V_LIM)
  )

  (module Resistor_SMD:R_0603_1608Metric (layer F.Cu) (tedit 5CE43EB2) (tstamp 5CE5DACB)
    (at 200.406 126.238 90)
    (descr "Resistor SMD 0603 (1608 Metric), square (rectangular) end terminal, IPC_7351 nominal, (Body size source: http://www.tortai-tech.com/upload/download/2011102023233369053.pdf), generated with kicad-footprint-generator")
    (tags resistor)
    (path /5CEF8678)
    (attr smd)
    (fp_text reference R30 (at 0 -1.43 90) (layer F.SilkS) hide
      (effects (font (size 1 1) (thickness 0.15)))
    )
    (fp_text value 1k (at 0 1.43 90) (layer F.Fab)
      (effects (font (size 1 1) (thickness 0.15)))
    )
    (fp_text user %R (at 0 0 90) (layer F.Fab)
      (effects (font (size 0.4 0.4) (thickness 0.06)))
    )
    (fp_line (start 1.48 0.73) (end -1.48 0.73) (layer F.CrtYd) (width 0.05))
    (fp_line (start 1.48 -0.73) (end 1.48 0.73) (layer F.CrtYd) (width 0.05))
    (fp_line (start -1.48 -0.73) (end 1.48 -0.73) (layer F.CrtYd) (width 0.05))
    (fp_line (start -1.48 0.73) (end -1.48 -0.73) (layer F.CrtYd) (width 0.05))
    (fp_line (start -0.162779 0.51) (end 0.162779 0.51) (layer F.SilkS) (width 0.12))
    (fp_line (start -0.162779 -0.51) (end 0.162779 -0.51) (layer F.SilkS) (width 0.12))
    (fp_line (start 0.8 0.4) (end -0.8 0.4) (layer F.Fab) (width 0.1))
    (fp_line (start 0.8 -0.4) (end 0.8 0.4) (layer F.Fab) (width 0.1))
    (fp_line (start -0.8 -0.4) (end 0.8 -0.4) (layer F.Fab) (width 0.1))
    (fp_line (start -0.8 0.4) (end -0.8 -0.4) (layer F.Fab) (width 0.1))
    (pad 2 smd roundrect (at 0.7875 0 90) (size 0.875 0.95) (layers F.Cu F.Paste F.Mask) (roundrect_rratio 0.25)
      (net 160 "Net-(R30-Pad2)"))
    (pad 1 smd roundrect (at -0.7875 0 90) (size 0.875 0.95) (layers F.Cu F.Paste F.Mask) (roundrect_rratio 0.25)
      (net 155 S_MOSI))
    (model ${KISYS3DMOD}/Resistor_SMD.3dshapes/R_0603_1608Metric.wrl
      (at (xyz 0 0 0))
      (scale (xyz 1 1 1))
      (rotate (xyz 0 0 0))
    )
  )

  (module Resistor_SMD:R_0603_1608Metric (layer F.Cu) (tedit 5CE43EAB) (tstamp 5CE5D9DA)
    (at 198.607001 122.428 90)
    (descr "Resistor SMD 0603 (1608 Metric), square (rectangular) end terminal, IPC_7351 nominal, (Body size source: http://www.tortai-tech.com/upload/download/2011102023233369053.pdf), generated with kicad-footprint-generator")
    (tags resistor)
    (path /5CFDF67F)
    (attr smd)
    (fp_text reference R31 (at 0 -1.43 90) (layer F.SilkS) hide
      (effects (font (size 1 1) (thickness 0.15)))
    )
    (fp_text value 2k (at 0 1.43 90) (layer F.Fab)
      (effects (font (size 1 1) (thickness 0.15)))
    )
    (fp_line (start -0.8 0.4) (end -0.8 -0.4) (layer F.Fab) (width 0.1))
    (fp_line (start -0.8 -0.4) (end 0.8 -0.4) (layer F.Fab) (width 0.1))
    (fp_line (start 0.8 -0.4) (end 0.8 0.4) (layer F.Fab) (width 0.1))
    (fp_line (start 0.8 0.4) (end -0.8 0.4) (layer F.Fab) (width 0.1))
    (fp_line (start -0.162779 -0.51) (end 0.162779 -0.51) (layer F.SilkS) (width 0.12))
    (fp_line (start -0.162779 0.51) (end 0.162779 0.51) (layer F.SilkS) (width 0.12))
    (fp_line (start -1.48 0.73) (end -1.48 -0.73) (layer F.CrtYd) (width 0.05))
    (fp_line (start -1.48 -0.73) (end 1.48 -0.73) (layer F.CrtYd) (width 0.05))
    (fp_line (start 1.48 -0.73) (end 1.48 0.73) (layer F.CrtYd) (width 0.05))
    (fp_line (start 1.48 0.73) (end -1.48 0.73) (layer F.CrtYd) (width 0.05))
    (fp_text user %R (at 0 0 90) (layer F.Fab)
      (effects (font (size 0.4 0.4) (thickness 0.06)))
    )
    (pad 1 smd roundrect (at -0.7875 0 90) (size 0.875 0.95) (layers F.Cu F.Paste F.Mask) (roundrect_rratio 0.25)
      (net 161 "Net-(R16-Pad2)"))
    (pad 2 smd roundrect (at 0.7875 0 90) (size 0.875 0.95) (layers F.Cu F.Paste F.Mask) (roundrect_rratio 0.25)
      (net 1 GND))
    (model ${KISYS3DMOD}/Resistor_SMD.3dshapes/R_0603_1608Metric.wrl
      (at (xyz 0 0 0))
      (scale (xyz 1 1 1))
      (rotate (xyz 0 0 0))
    )
  )

  (module Resistor_SMD:R_0603_1608Metric (layer F.Cu) (tedit 5CE43EB6) (tstamp 5CE5D9C9)
    (at 200.406 122.428 90)
    (descr "Resistor SMD 0603 (1608 Metric), square (rectangular) end terminal, IPC_7351 nominal, (Body size source: http://www.tortai-tech.com/upload/download/2011102023233369053.pdf), generated with kicad-footprint-generator")
    (tags resistor)
    (path /5CED1D24)
    (attr smd)
    (fp_text reference R32 (at 0 -1.43 90) (layer F.SilkS) hide
      (effects (font (size 1 1) (thickness 0.15)))
    )
    (fp_text value 2k (at 0 1.43 90) (layer F.Fab)
      (effects (font (size 1 1) (thickness 0.15)))
    )
    (fp_text user %R (at 0 0 90) (layer F.Fab)
      (effects (font (size 0.4 0.4) (thickness 0.06)))
    )
    (fp_line (start 1.48 0.73) (end -1.48 0.73) (layer F.CrtYd) (width 0.05))
    (fp_line (start 1.48 -0.73) (end 1.48 0.73) (layer F.CrtYd) (width 0.05))
    (fp_line (start -1.48 -0.73) (end 1.48 -0.73) (layer F.CrtYd) (width 0.05))
    (fp_line (start -1.48 0.73) (end -1.48 -0.73) (layer F.CrtYd) (width 0.05))
    (fp_line (start -0.162779 0.51) (end 0.162779 0.51) (layer F.SilkS) (width 0.12))
    (fp_line (start -0.162779 -0.51) (end 0.162779 -0.51) (layer F.SilkS) (width 0.12))
    (fp_line (start 0.8 0.4) (end -0.8 0.4) (layer F.Fab) (width 0.1))
    (fp_line (start 0.8 -0.4) (end 0.8 0.4) (layer F.Fab) (width 0.1))
    (fp_line (start -0.8 -0.4) (end 0.8 -0.4) (layer F.Fab) (width 0.1))
    (fp_line (start -0.8 0.4) (end -0.8 -0.4) (layer F.Fab) (width 0.1))
    (pad 2 smd roundrect (at 0.7875 0 90) (size 0.875 0.95) (layers F.Cu F.Paste F.Mask) (roundrect_rratio 0.25)
      (net 1 GND))
    (pad 1 smd roundrect (at -0.7875 0 90) (size 0.875 0.95) (layers F.Cu F.Paste F.Mask) (roundrect_rratio 0.25)
      (net 160 "Net-(R30-Pad2)"))
    (model ${KISYS3DMOD}/Resistor_SMD.3dshapes/R_0603_1608Metric.wrl
      (at (xyz 0 0 0))
      (scale (xyz 1 1 1))
      (rotate (xyz 0 0 0))
    )
  )

  (module Resistor_SMD:R_0603_1608Metric (layer F.Cu) (tedit 5CE43EAE) (tstamp 5CE5D818)
    (at 198.628 126.238 90)
    (descr "Resistor SMD 0603 (1608 Metric), square (rectangular) end terminal, IPC_7351 nominal, (Body size source: http://www.tortai-tech.com/upload/download/2011102023233369053.pdf), generated with kicad-footprint-generator")
    (tags resistor)
    (path /5CEF87B6)
    (attr smd)
    (fp_text reference R16 (at 0 -1.43 90) (layer F.SilkS) hide
      (effects (font (size 1 1) (thickness 0.15)))
    )
    (fp_text value 1k (at 0 1.43 90) (layer F.Fab)
      (effects (font (size 1 1) (thickness 0.15)))
    )
    (fp_line (start -0.8 0.4) (end -0.8 -0.4) (layer F.Fab) (width 0.1))
    (fp_line (start -0.8 -0.4) (end 0.8 -0.4) (layer F.Fab) (width 0.1))
    (fp_line (start 0.8 -0.4) (end 0.8 0.4) (layer F.Fab) (width 0.1))
    (fp_line (start 0.8 0.4) (end -0.8 0.4) (layer F.Fab) (width 0.1))
    (fp_line (start -0.162779 -0.51) (end 0.162779 -0.51) (layer F.SilkS) (width 0.12))
    (fp_line (start -0.162779 0.51) (end 0.162779 0.51) (layer F.SilkS) (width 0.12))
    (fp_line (start -1.48 0.73) (end -1.48 -0.73) (layer F.CrtYd) (width 0.05))
    (fp_line (start -1.48 -0.73) (end 1.48 -0.73) (layer F.CrtYd) (width 0.05))
    (fp_line (start 1.48 -0.73) (end 1.48 0.73) (layer F.CrtYd) (width 0.05))
    (fp_line (start 1.48 0.73) (end -1.48 0.73) (layer F.CrtYd) (width 0.05))
    (fp_text user %R (at 0 0 90) (layer F.Fab)
      (effects (font (size 0.4 0.4) (thickness 0.06)))
    )
    (pad 1 smd roundrect (at -0.7875 0 90) (size 0.875 0.95) (layers F.Cu F.Paste F.Mask) (roundrect_rratio 0.25)
      (net 159 S_SCK))
    (pad 2 smd roundrect (at 0.7875 0 90) (size 0.875 0.95) (layers F.Cu F.Paste F.Mask) (roundrect_rratio 0.25)
      (net 161 "Net-(R16-Pad2)"))
    (model ${KISYS3DMOD}/Resistor_SMD.3dshapes/R_0603_1608Metric.wrl
      (at (xyz 0 0 0))
      (scale (xyz 1 1 1))
      (rotate (xyz 0 0 0))
    )
  )

  (module Resistor_SMD:R_0603_1608Metric (layer F.Cu) (tedit 5CE43EA2) (tstamp 5CE5D7E7)
    (at 196.85 126.238 90)
    (descr "Resistor SMD 0603 (1608 Metric), square (rectangular) end terminal, IPC_7351 nominal, (Body size source: http://www.tortai-tech.com/upload/download/2011102023233369053.pdf), generated with kicad-footprint-generator")
    (tags resistor)
    (path /5CED1D2B)
    (attr smd)
    (fp_text reference R14 (at 0 -1.43 90) (layer F.SilkS) hide
      (effects (font (size 1 1) (thickness 0.15)))
    )
    (fp_text value 1k (at 0 1.43 90) (layer F.Fab)
      (effects (font (size 1 1) (thickness 0.15)))
    )
    (fp_text user %R (at 0 0 90) (layer F.Fab)
      (effects (font (size 0.4 0.4) (thickness 0.06)))
    )
    (fp_line (start 1.48 0.73) (end -1.48 0.73) (layer F.CrtYd) (width 0.05))
    (fp_line (start 1.48 -0.73) (end 1.48 0.73) (layer F.CrtYd) (width 0.05))
    (fp_line (start -1.48 -0.73) (end 1.48 -0.73) (layer F.CrtYd) (width 0.05))
    (fp_line (start -1.48 0.73) (end -1.48 -0.73) (layer F.CrtYd) (width 0.05))
    (fp_line (start -0.162779 0.51) (end 0.162779 0.51) (layer F.SilkS) (width 0.12))
    (fp_line (start -0.162779 -0.51) (end 0.162779 -0.51) (layer F.SilkS) (width 0.12))
    (fp_line (start 0.8 0.4) (end -0.8 0.4) (layer F.Fab) (width 0.1))
    (fp_line (start 0.8 -0.4) (end 0.8 0.4) (layer F.Fab) (width 0.1))
    (fp_line (start -0.8 -0.4) (end 0.8 -0.4) (layer F.Fab) (width 0.1))
    (fp_line (start -0.8 0.4) (end -0.8 -0.4) (layer F.Fab) (width 0.1))
    (pad 2 smd roundrect (at 0.7875 0 90) (size 0.875 0.95) (layers F.Cu F.Paste F.Mask) (roundrect_rratio 0.25)
      (net 162 "Net-(R13-Pad1)"))
    (pad 1 smd roundrect (at -0.7875 0 90) (size 0.875 0.95) (layers F.Cu F.Paste F.Mask) (roundrect_rratio 0.25)
      (net 157 S_CS))
    (model ${KISYS3DMOD}/Resistor_SMD.3dshapes/R_0603_1608Metric.wrl
      (at (xyz 0 0 0))
      (scale (xyz 1 1 1))
      (rotate (xyz 0 0 0))
    )
  )

  (module Resistor_SMD:R_0603_1608Metric (layer F.Cu) (tedit 5CE43E9E) (tstamp 5CE5D736)
    (at 196.85 122.428 90)
    (descr "Resistor SMD 0603 (1608 Metric), square (rectangular) end terminal, IPC_7351 nominal, (Body size source: http://www.tortai-tech.com/upload/download/2011102023233369053.pdf), generated with kicad-footprint-generator")
    (tags resistor)
    (path /5CFF2404)
    (attr smd)
    (fp_text reference R13 (at 0 -1.43 90) (layer F.SilkS) hide
      (effects (font (size 1 1) (thickness 0.15)))
    )
    (fp_text value 2k (at 0 1.43 90) (layer F.Fab)
      (effects (font (size 1 1) (thickness 0.15)))
    )
    (fp_line (start -0.8 0.4) (end -0.8 -0.4) (layer F.Fab) (width 0.1))
    (fp_line (start -0.8 -0.4) (end 0.8 -0.4) (layer F.Fab) (width 0.1))
    (fp_line (start 0.8 -0.4) (end 0.8 0.4) (layer F.Fab) (width 0.1))
    (fp_line (start 0.8 0.4) (end -0.8 0.4) (layer F.Fab) (width 0.1))
    (fp_line (start -0.162779 -0.51) (end 0.162779 -0.51) (layer F.SilkS) (width 0.12))
    (fp_line (start -0.162779 0.51) (end 0.162779 0.51) (layer F.SilkS) (width 0.12))
    (fp_line (start -1.48 0.73) (end -1.48 -0.73) (layer F.CrtYd) (width 0.05))
    (fp_line (start -1.48 -0.73) (end 1.48 -0.73) (layer F.CrtYd) (width 0.05))
    (fp_line (start 1.48 -0.73) (end 1.48 0.73) (layer F.CrtYd) (width 0.05))
    (fp_line (start 1.48 0.73) (end -1.48 0.73) (layer F.CrtYd) (width 0.05))
    (fp_text user %R (at 0 0 90) (layer F.Fab)
      (effects (font (size 0.4 0.4) (thickness 0.06)))
    )
    (pad 1 smd roundrect (at -0.7875 0 90) (size 0.875 0.95) (layers F.Cu F.Paste F.Mask) (roundrect_rratio 0.25)
      (net 162 "Net-(R13-Pad1)"))
    (pad 2 smd roundrect (at 0.7875 0 90) (size 0.875 0.95) (layers F.Cu F.Paste F.Mask) (roundrect_rratio 0.25)
      (net 1 GND))
    (model ${KISYS3DMOD}/Resistor_SMD.3dshapes/R_0603_1608Metric.wrl
      (at (xyz 0 0 0))
      (scale (xyz 1 1 1))
      (rotate (xyz 0 0 0))
    )
  )

  (module Z_ESP32:ESP-32S (layer F.Cu) (tedit 5C0E989A) (tstamp 5C9C67B7)
    (at 134.71 114.346 90)
    (path /5BCC3042)
    (fp_text reference M1 (at 0 -7.5 90) (layer F.SilkS)
      (effects (font (size 1 1) (thickness 0.15)))
    )
    (fp_text value ESP-32S (at 0 10.5 90) (layer F.Fab)
      (effects (font (size 1 1) (thickness 0.15)))
    )
    (fp_line (start -9 -6.75) (end -9 -5.85) (layer F.SilkS) (width 0.15))
    (fp_line (start 9 12.75) (end 9 11.85) (layer F.SilkS) (width 0.15))
    (fp_line (start -9 12.75) (end -9 11.85) (layer F.SilkS) (width 0.15))
    (fp_line (start -9 -6.75) (end 9 -6.75) (layer F.SilkS) (width 0.15))
    (fp_line (start 9 -6.75) (end 9 -5.85) (layer F.SilkS) (width 0.15))
    (fp_line (start 9 12.75) (end 6.3 12.75) (layer F.SilkS) (width 0.15))
    (fp_line (start -9 12.75) (end -6.3 12.75) (layer F.SilkS) (width 0.15))
    (fp_line (start -9 -12.75) (end -9 -6.75) (layer F.CrtYd) (width 0.15))
    (fp_line (start -9 -6.75) (end 9 -6.75) (layer F.CrtYd) (width 0.15))
    (fp_line (start 9 -6.75) (end 9 -12.75) (layer F.CrtYd) (width 0.15))
    (fp_line (start 9 -12.75) (end -9 -12.75) (layer F.CrtYd) (width 0.15))
    (fp_line (start -9 -6.75) (end 9 -6.75) (layer F.SilkS) (width 0.15))
    (fp_line (start -9 -12.75) (end 9 -12.75) (layer F.SilkS) (width 0.15))
    (pad 1 smd rect (at -9 -5.25 90) (size 2 0.9) (layers F.Cu F.Paste F.Mask)
      (net 1 GND))
    (pad 2 smd rect (at -9 -3.98 90) (size 2 0.9) (layers F.Cu F.Paste F.Mask)
      (net 71 +3V3))
    (pad 3 smd rect (at -9 -2.71 90) (size 2 0.9) (layers F.Cu F.Paste F.Mask)
      (net 72 EN))
    (pad 4 smd rect (at -9 -1.44 90) (size 2 0.9) (layers F.Cu F.Paste F.Mask)
      (net 147 "Net-(M1-Pad4)"))
    (pad 5 smd rect (at -9 -0.17 90) (size 2 0.9) (layers F.Cu F.Paste F.Mask)
      (net 148 "Net-(M1-Pad5)"))
    (pad 6 smd rect (at -9 1.1 90) (size 2 0.9) (layers F.Cu F.Paste F.Mask)
      (net 136 "Net-(M1-Pad6)"))
    (pad 7 smd rect (at -9 2.37 90) (size 2 0.9) (layers F.Cu F.Paste F.Mask)
      (net 76 BAT_M))
    (pad 8 smd rect (at -9 3.64 90) (size 2 0.9) (layers F.Cu F.Paste F.Mask)
      (net 77 CUR_M))
    (pad 9 smd rect (at -9 4.91 90) (size 2 0.9) (layers F.Cu F.Paste F.Mask)
      (net 78 COM))
    (pad 10 smd rect (at -9 6.18 90) (size 2 0.9) (layers F.Cu F.Paste F.Mask)
      (net 79 ADC_S0))
    (pad 11 smd rect (at -9 7.45 90) (size 2 0.9) (layers F.Cu F.Paste F.Mask)
      (net 80 ADC_S1))
    (pad 12 smd rect (at -9 8.72 90) (size 2 0.9) (layers F.Cu F.Paste F.Mask)
      (net 82 ADC_S3))
    (pad 13 smd rect (at -9 9.99 90) (size 2 0.9) (layers F.Cu F.Paste F.Mask)
      (net 81 ADC_S2))
    (pad 14 smd rect (at -9 11.26 90) (size 2 0.9) (layers F.Cu F.Paste F.Mask)
      (net 154 IO12))
    (pad 38 smd rect (at 9 -5.25 90) (size 2 0.9) (layers F.Cu F.Paste F.Mask)
      (net 1 GND))
    (pad 25 smd rect (at 9 11.26 90) (size 2 0.9) (layers F.Cu F.Paste F.Mask)
      (net 83 IO0))
    (pad 26 smd rect (at 9 9.99 90) (size 2 0.9) (layers F.Cu F.Paste F.Mask)
      (net 84 IO4))
    (pad 27 smd rect (at 9 8.72 90) (size 2 0.9) (layers F.Cu F.Paste F.Mask)
      (net 85 S_RX))
    (pad 28 smd rect (at 9 7.45 90) (size 2 0.9) (layers F.Cu F.Paste F.Mask)
      (net 86 S_TX))
    (pad 29 smd rect (at 9 6.18 90) (size 2 0.9) (layers F.Cu F.Paste F.Mask)
      (net 87 IO5))
    (pad 30 smd rect (at 9 4.91 90) (size 2 0.9) (layers F.Cu F.Paste F.Mask)
      (net 88 S_TX_ENB))
    (pad 31 smd rect (at 9 3.64 90) (size 2 0.9) (layers F.Cu F.Paste F.Mask)
      (net 89 S_RX_ENB))
    (pad 32 smd rect (at 9 2.37 90) (size 2 0.9) (layers F.Cu F.Paste F.Mask)
      (net 90 "Net-(M1-Pad32)"))
    (pad 33 smd rect (at 9 1.1 90) (size 2 0.9) (layers F.Cu F.Paste F.Mask)
      (net 74 FAN2))
    (pad 34 smd rect (at 9 -0.17 90) (size 2 0.9) (layers F.Cu F.Paste F.Mask)
      (net 91 USB_TX))
    (pad 35 smd rect (at 9 -1.44 90) (size 2 0.9) (layers F.Cu F.Paste F.Mask)
      (net 92 USB_RX))
    (pad 36 smd rect (at 9 -2.71 90) (size 2 0.9) (layers F.Cu F.Paste F.Mask)
      (net 73 FAN1))
    (pad 37 smd rect (at 9 -3.98 90) (size 2 0.9) (layers F.Cu F.Paste F.Mask)
      (net 75 CPU_SW))
    (pad 15 smd rect (at -5.715 12.75 180) (size 2 0.9) (layers F.Cu F.Paste F.Mask)
      (net 1 GND))
    (pad 16 smd rect (at -4.43 12.75 180) (size 2 0.9) (layers F.Cu F.Paste F.Mask)
      (net 61 IO11))
    (pad 17 smd rect (at -3.175 12.75 180) (size 2 0.9) (layers F.Cu F.Paste F.Mask)
      (net 149 "Net-(M1-Pad17)"))
    (pad 18 smd rect (at -1.905 12.75 180) (size 2 0.9) (layers F.Cu F.Paste F.Mask)
      (net 150 "Net-(M1-Pad18)"))
    (pad 19 smd rect (at -0.635 12.75 180) (size 2 0.9) (layers F.Cu F.Paste F.Mask)
      (net 151 "Net-(M1-Pad19)"))
    (pad 20 smd rect (at 0.635 12.75 180) (size 2 0.9) (layers F.Cu F.Paste F.Mask)
      (net 93 "Net-(M1-Pad20)"))
    (pad 21 smd rect (at 1.905 12.75 180) (size 2 0.9) (layers F.Cu F.Paste F.Mask)
      (net 94 "Net-(M1-Pad21)"))
    (pad 22 smd rect (at 3.175 12.75 180) (size 2 0.9) (layers F.Cu F.Paste F.Mask)
      (net 95 "Net-(M1-Pad22)"))
    (pad 23 smd rect (at 4.445 12.75 180) (size 2 0.9) (layers F.Cu F.Paste F.Mask)
      (net 62 H_RX))
    (pad 24 smd rect (at 5.715 12.75 180) (size 2 0.9) (layers F.Cu F.Paste F.Mask)
      (net 63 H_TX))
    (pad 1 smd rect (at 0.3 2.45 180) (size 6 6) (layers F.Cu F.Paste F.Mask)
      (net 1 GND))
    (model ${KIUSRMOD}/Z_ESP32.3dshapes/ESP-32S.wrl
      (at (xyz 0 0 0))
      (scale (xyz 0.1001 0.1937 0.3937))
      (rotate (xyz 0 0 0))
    )
    (model ${KISYS3DMOD}/Z_ESP32.3dshapes/ESP-32S.wrl
      (at (xyz 0 0 0))
      (scale (xyz 0.4 0.4 0.4))
      (rotate (xyz 0 0 0))
    )
    (model ${KISYS3DMOD}/Z_ESP32.3dshapes/ESP-32S.wings
      (at (xyz 0 0 0))
      (scale (xyz 0.7 1 1))
      (rotate (xyz 0 0 0))
    )
  )

  (module Capacitor_SMD:C_1206_3216Metric (layer F.Cu) (tedit 5B301BBE) (tstamp 5CF459AE)
    (at 130.048 140.462 180)
    (descr "Capacitor SMD 1206 (3216 Metric), square (rectangular) end terminal, IPC_7351 nominal, (Body size source: http://www.tortai-tech.com/upload/download/2011102023233369053.pdf), generated with kicad-footprint-generator")
    (tags capacitor)
    (path /5BF65F12)
    (attr smd)
    (fp_text reference C47 (at 0 -1.82 180) (layer F.SilkS)
      (effects (font (size 1 1) (thickness 0.15)))
    )
    (fp_text value 10u (at 0 1.82 180) (layer F.Fab)
      (effects (font (size 1 1) (thickness 0.15)))
    )
    (fp_line (start -1.6 0.8) (end -1.6 -0.8) (layer F.Fab) (width 0.1))
    (fp_line (start -1.6 -0.8) (end 1.6 -0.8) (layer F.Fab) (width 0.1))
    (fp_line (start 1.6 -0.8) (end 1.6 0.8) (layer F.Fab) (width 0.1))
    (fp_line (start 1.6 0.8) (end -1.6 0.8) (layer F.Fab) (width 0.1))
    (fp_line (start -0.602064 -0.91) (end 0.602064 -0.91) (layer F.SilkS) (width 0.12))
    (fp_line (start -0.602064 0.91) (end 0.602064 0.91) (layer F.SilkS) (width 0.12))
    (fp_line (start -2.28 1.12) (end -2.28 -1.12) (layer F.CrtYd) (width 0.05))
    (fp_line (start -2.28 -1.12) (end 2.28 -1.12) (layer F.CrtYd) (width 0.05))
    (fp_line (start 2.28 -1.12) (end 2.28 1.12) (layer F.CrtYd) (width 0.05))
    (fp_line (start 2.28 1.12) (end -2.28 1.12) (layer F.CrtYd) (width 0.05))
    (fp_text user %R (at 0 0 180) (layer F.Fab)
      (effects (font (size 0.8 0.8) (thickness 0.12)))
    )
    (pad 1 smd roundrect (at -1.4 0 180) (size 1.25 1.75) (layers F.Cu F.Paste F.Mask) (roundrect_rratio 0.2)
      (net 72 EN))
    (pad 2 smd roundrect (at 1.4 0 180) (size 1.25 1.75) (layers F.Cu F.Paste F.Mask) (roundrect_rratio 0.2)
      (net 1 GND))
    (model ${KISYS3DMOD}/Capacitor_SMD.3dshapes/C_1206_3216Metric.wrl
      (at (xyz 0 0 0))
      (scale (xyz 1 1 1))
      (rotate (xyz 0 0 0))
    )
  )

  (module Package_TO_SOT_SMD:SOT-23 (layer F.Cu) (tedit 5A02FF57) (tstamp 5CF44FCC)
    (at 142.621 87.781 90)
    (descr "SOT-23, Standard")
    (tags SOT-23)
    (path /5CFF5137)
    (attr smd)
    (fp_text reference Q4 (at 0 -2.5 90) (layer F.SilkS)
      (effects (font (size 1 1) (thickness 0.15)))
    )
    (fp_text value 2N7002 (at 0 2.5 90) (layer F.Fab)
      (effects (font (size 1 1) (thickness 0.15)))
    )
    (fp_line (start 0.76 1.58) (end -0.7 1.58) (layer F.SilkS) (width 0.12))
    (fp_line (start 0.76 -1.58) (end -1.4 -1.58) (layer F.SilkS) (width 0.12))
    (fp_line (start -1.7 1.75) (end -1.7 -1.75) (layer F.CrtYd) (width 0.05))
    (fp_line (start 1.7 1.75) (end -1.7 1.75) (layer F.CrtYd) (width 0.05))
    (fp_line (start 1.7 -1.75) (end 1.7 1.75) (layer F.CrtYd) (width 0.05))
    (fp_line (start -1.7 -1.75) (end 1.7 -1.75) (layer F.CrtYd) (width 0.05))
    (fp_line (start 0.76 -1.58) (end 0.76 -0.65) (layer F.SilkS) (width 0.12))
    (fp_line (start 0.76 1.58) (end 0.76 0.65) (layer F.SilkS) (width 0.12))
    (fp_line (start -0.7 1.52) (end 0.7 1.52) (layer F.Fab) (width 0.1))
    (fp_line (start 0.7 -1.52) (end 0.7 1.52) (layer F.Fab) (width 0.1))
    (fp_line (start -0.7 -0.95) (end -0.15 -1.52) (layer F.Fab) (width 0.1))
    (fp_line (start -0.15 -1.52) (end 0.7 -1.52) (layer F.Fab) (width 0.1))
    (fp_line (start -0.7 -0.95) (end -0.7 1.5) (layer F.Fab) (width 0.1))
    (fp_text user %R (at 0 0 180) (layer F.Fab)
      (effects (font (size 0.5 0.5) (thickness 0.075)))
    )
    (pad 3 smd rect (at 1 0 90) (size 0.9 0.8) (layers F.Cu F.Paste F.Mask)
      (net 69 "Net-(D3-Pad2)"))
    (pad 2 smd rect (at -1 0.95 90) (size 0.9 0.8) (layers F.Cu F.Paste F.Mask)
      (net 1 GND))
    (pad 1 smd rect (at -1 -0.95 90) (size 0.9 0.8) (layers F.Cu F.Paste F.Mask)
      (net 74 FAN2))
    (model ${KISYS3DMOD}/Package_TO_SOT_SMD.3dshapes/SOT-23.wrl
      (at (xyz 0 0 0))
      (scale (xyz 1 1 1))
      (rotate (xyz 0 0 0))
    )
  )

  (module Package_TO_SOT_SMD:SOT-23 (layer F.Cu) (tedit 5A02FF57) (tstamp 5CF44FB8)
    (at 137.931 87.781 90)
    (descr "SOT-23, Standard")
    (tags SOT-23)
    (path /5CFF4E53)
    (attr smd)
    (fp_text reference Q3 (at 0 -2.5 90) (layer F.SilkS)
      (effects (font (size 1 1) (thickness 0.15)))
    )
    (fp_text value 2N7002 (at 0 2.5 90) (layer F.Fab)
      (effects (font (size 1 1) (thickness 0.15)))
    )
    (fp_text user %R (at 0 0 180) (layer F.Fab)
      (effects (font (size 0.5 0.5) (thickness 0.075)))
    )
    (fp_line (start -0.7 -0.95) (end -0.7 1.5) (layer F.Fab) (width 0.1))
    (fp_line (start -0.15 -1.52) (end 0.7 -1.52) (layer F.Fab) (width 0.1))
    (fp_line (start -0.7 -0.95) (end -0.15 -1.52) (layer F.Fab) (width 0.1))
    (fp_line (start 0.7 -1.52) (end 0.7 1.52) (layer F.Fab) (width 0.1))
    (fp_line (start -0.7 1.52) (end 0.7 1.52) (layer F.Fab) (width 0.1))
    (fp_line (start 0.76 1.58) (end 0.76 0.65) (layer F.SilkS) (width 0.12))
    (fp_line (start 0.76 -1.58) (end 0.76 -0.65) (layer F.SilkS) (width 0.12))
    (fp_line (start -1.7 -1.75) (end 1.7 -1.75) (layer F.CrtYd) (width 0.05))
    (fp_line (start 1.7 -1.75) (end 1.7 1.75) (layer F.CrtYd) (width 0.05))
    (fp_line (start 1.7 1.75) (end -1.7 1.75) (layer F.CrtYd) (width 0.05))
    (fp_line (start -1.7 1.75) (end -1.7 -1.75) (layer F.CrtYd) (width 0.05))
    (fp_line (start 0.76 -1.58) (end -1.4 -1.58) (layer F.SilkS) (width 0.12))
    (fp_line (start 0.76 1.58) (end -0.7 1.58) (layer F.SilkS) (width 0.12))
    (pad 1 smd rect (at -1 -0.95 90) (size 0.9 0.8) (layers F.Cu F.Paste F.Mask)
      (net 73 FAN1))
    (pad 2 smd rect (at -1 0.95 90) (size 0.9 0.8) (layers F.Cu F.Paste F.Mask)
      (net 1 GND))
    (pad 3 smd rect (at 1 0 90) (size 0.9 0.8) (layers F.Cu F.Paste F.Mask)
      (net 70 "Net-(D2-Pad2)"))
    (model ${KISYS3DMOD}/Package_TO_SOT_SMD.3dshapes/SOT-23.wrl
      (at (xyz 0 0 0))
      (scale (xyz 1 1 1))
      (rotate (xyz 0 0 0))
    )
  )

  (module Resistor_SMD:R_0603_1608Metric (layer F.Cu) (tedit 5B301BBD) (tstamp 5CF44E7B)
    (at 206.5528 145.4912)
    (descr "Resistor SMD 0603 (1608 Metric), square (rectangular) end terminal, IPC_7351 nominal, (Body size source: http://www.tortai-tech.com/upload/download/2011102023233369053.pdf), generated with kicad-footprint-generator")
    (tags resistor)
    (path /5CF44CDD)
    (attr smd)
    (fp_text reference R11 (at 2.9972 0.0508) (layer F.SilkS)
      (effects (font (size 1 1) (thickness 0.15)))
    )
    (fp_text value 2k (at 0 1.43) (layer F.Fab)
      (effects (font (size 1 1) (thickness 0.15)))
    )
    (fp_line (start -0.8 0.4) (end -0.8 -0.4) (layer F.Fab) (width 0.1))
    (fp_line (start -0.8 -0.4) (end 0.8 -0.4) (layer F.Fab) (width 0.1))
    (fp_line (start 0.8 -0.4) (end 0.8 0.4) (layer F.Fab) (width 0.1))
    (fp_line (start 0.8 0.4) (end -0.8 0.4) (layer F.Fab) (width 0.1))
    (fp_line (start -0.162779 -0.51) (end 0.162779 -0.51) (layer F.SilkS) (width 0.12))
    (fp_line (start -0.162779 0.51) (end 0.162779 0.51) (layer F.SilkS) (width 0.12))
    (fp_line (start -1.48 0.73) (end -1.48 -0.73) (layer F.CrtYd) (width 0.05))
    (fp_line (start -1.48 -0.73) (end 1.48 -0.73) (layer F.CrtYd) (width 0.05))
    (fp_line (start 1.48 -0.73) (end 1.48 0.73) (layer F.CrtYd) (width 0.05))
    (fp_line (start 1.48 0.73) (end -1.48 0.73) (layer F.CrtYd) (width 0.05))
    (fp_text user %R (at 0 0) (layer F.Fab)
      (effects (font (size 0.4 0.4) (thickness 0.06)))
    )
    (pad 1 smd roundrect (at -0.7875 0) (size 0.875 0.95) (layers F.Cu F.Paste F.Mask) (roundrect_rratio 0.25)
      (net 146 MRX))
    (pad 2 smd roundrect (at 0.7875 0) (size 0.875 0.95) (layers F.Cu F.Paste F.Mask) (roundrect_rratio 0.25)
      (net 1 GND))
    (model ${KISYS3DMOD}/Resistor_SMD.3dshapes/R_0603_1608Metric.wrl
      (at (xyz 0 0 0))
      (scale (xyz 1 1 1))
      (rotate (xyz 0 0 0))
    )
  )

  (module Resistor_SMD:R_0603_1608Metric (layer F.Cu) (tedit 5B301BBD) (tstamp 5CF44BDA)
    (at 203.1492 145.4912)
    (descr "Resistor SMD 0603 (1608 Metric), square (rectangular) end terminal, IPC_7351 nominal, (Body size source: http://www.tortai-tech.com/upload/download/2011102023233369053.pdf), generated with kicad-footprint-generator")
    (tags resistor)
    (path /5CF44CE4)
    (attr smd)
    (fp_text reference R10 (at -2.9972 0.0508) (layer F.SilkS)
      (effects (font (size 1 1) (thickness 0.15)))
    )
    (fp_text value 1k (at 0 1.43) (layer F.Fab)
      (effects (font (size 1 1) (thickness 0.15)))
    )
    (fp_text user %R (at 0 0) (layer F.Fab)
      (effects (font (size 0.4 0.4) (thickness 0.06)))
    )
    (fp_line (start 1.48 0.73) (end -1.48 0.73) (layer F.CrtYd) (width 0.05))
    (fp_line (start 1.48 -0.73) (end 1.48 0.73) (layer F.CrtYd) (width 0.05))
    (fp_line (start -1.48 -0.73) (end 1.48 -0.73) (layer F.CrtYd) (width 0.05))
    (fp_line (start -1.48 0.73) (end -1.48 -0.73) (layer F.CrtYd) (width 0.05))
    (fp_line (start -0.162779 0.51) (end 0.162779 0.51) (layer F.SilkS) (width 0.12))
    (fp_line (start -0.162779 -0.51) (end 0.162779 -0.51) (layer F.SilkS) (width 0.12))
    (fp_line (start 0.8 0.4) (end -0.8 0.4) (layer F.Fab) (width 0.1))
    (fp_line (start 0.8 -0.4) (end 0.8 0.4) (layer F.Fab) (width 0.1))
    (fp_line (start -0.8 -0.4) (end 0.8 -0.4) (layer F.Fab) (width 0.1))
    (fp_line (start -0.8 0.4) (end -0.8 -0.4) (layer F.Fab) (width 0.1))
    (pad 2 smd roundrect (at 0.7875 0) (size 0.875 0.95) (layers F.Cu F.Paste F.Mask) (roundrect_rratio 0.25)
      (net 146 MRX))
    (pad 1 smd roundrect (at -0.7875 0) (size 0.875 0.95) (layers F.Cu F.Paste F.Mask) (roundrect_rratio 0.25)
      (net 143 "Net-(R10-Pad1)"))
    (model ${KISYS3DMOD}/Resistor_SMD.3dshapes/R_0603_1608Metric.wrl
      (at (xyz 0 0 0))
      (scale (xyz 1 1 1))
      (rotate (xyz 0 0 0))
    )
  )

  (module Resistor_SMD:R_0603_1608Metric (layer B.Cu) (tedit 5B301BBD) (tstamp 5CF44BA9)
    (at 159.512 107.188 180)
    (descr "Resistor SMD 0603 (1608 Metric), square (rectangular) end terminal, IPC_7351 nominal, (Body size source: http://www.tortai-tech.com/upload/download/2011102023233369053.pdf), generated with kicad-footprint-generator")
    (tags resistor)
    (path /5CFDE956)
    (attr smd)
    (fp_text reference R12 (at 0 1.43 180) (layer B.SilkS)
      (effects (font (size 1 1) (thickness 0.15)) (justify mirror))
    )
    (fp_text value 3.6k (at 0 -1.43 180) (layer B.Fab)
      (effects (font (size 1 1) (thickness 0.15)) (justify mirror))
    )
    (fp_line (start -0.8 -0.4) (end -0.8 0.4) (layer B.Fab) (width 0.1))
    (fp_line (start -0.8 0.4) (end 0.8 0.4) (layer B.Fab) (width 0.1))
    (fp_line (start 0.8 0.4) (end 0.8 -0.4) (layer B.Fab) (width 0.1))
    (fp_line (start 0.8 -0.4) (end -0.8 -0.4) (layer B.Fab) (width 0.1))
    (fp_line (start -0.162779 0.51) (end 0.162779 0.51) (layer B.SilkS) (width 0.12))
    (fp_line (start -0.162779 -0.51) (end 0.162779 -0.51) (layer B.SilkS) (width 0.12))
    (fp_line (start -1.48 -0.73) (end -1.48 0.73) (layer B.CrtYd) (width 0.05))
    (fp_line (start -1.48 0.73) (end 1.48 0.73) (layer B.CrtYd) (width 0.05))
    (fp_line (start 1.48 0.73) (end 1.48 -0.73) (layer B.CrtYd) (width 0.05))
    (fp_line (start 1.48 -0.73) (end -1.48 -0.73) (layer B.CrtYd) (width 0.05))
    (fp_text user %R (at 0 0 180) (layer B.Fab)
      (effects (font (size 0.4 0.4) (thickness 0.06)) (justify mirror))
    )
    (pad 1 smd roundrect (at -0.7875 0 180) (size 0.875 0.95) (layers B.Cu B.Paste B.Mask) (roundrect_rratio 0.25)
      (net 12 VDD))
    (pad 2 smd roundrect (at 0.7875 0 180) (size 0.875 0.95) (layers B.Cu B.Paste B.Mask) (roundrect_rratio 0.25)
      (net 141 V_LIM))
    (model ${KISYS3DMOD}/Resistor_SMD.3dshapes/R_0603_1608Metric.wrl
      (at (xyz 0 0 0))
